25

9 7
5 2 2 4 1 9 9

8 8
3 4 3 2 3 8 8 6

10 10
5 10 2 5 10 9 8 6 7 5

9 10
6 1 7 7 8 6 5 2 3 2

9 9
1 1 1 1 8 8 1 9 9

96 90
84 1 68 25 16 54 55 6 96 83 52 25 49 58 36 19 92 86 20 63 76 56 45 62 22 63 69 81 85 24 39 84 21 52 22 35 39 72 34 21 17 36 36 90 95 62 74 91 88 21 45 58 41 15 43 73 58 25 78 22 55 34 76 37 74 73 60 63 10 61 29 2 26 54 26 32 31 16 21 47 49 8 27 6 52 53 39 27 34 37

97 97
94 28 91 39 58 73 9 48 41 4 7 6 82 54 21 15 36 56 57 43 25 68 51 38 27 30 30 58 24 36 18 33 3 45 15 10 58 5 26 21 15 21 29 47 39 24 37 25 45 18 12 22 25 32 9 7 30 10 31 20 17 3 7 8 25 6 11 23 21 22 16 15 11 24 9 16 4 19 15 16 13 14 13 7 12 7 5 8 7 2 4 4 2 3 2 1 1

93 97
71 31 33 1 77 88 6 24 21 2 55 65 47 71 61 74 69 23 35 54 89 73 67 73 30 59 1 46 73 12 78 24 83 25 68 19 10 49 53 44 12 67 53 59 59 7 36 90 64 32 68 41 32 27 54 35 24 1 31 83 62 7 20 82 78 39 13 75 30 8 42 15 34 86 81 71 34 82 82 43 17 56 5 46 72 10 5 30 53 21 26 16 67 3 38 64 63

91 91
65 78 44 85 5 28 32 2 49 74 87 16 43 59 10 11 25 4 36 27 4 20 64 38 82 31 56 55 28 25 66 72 17 91 37 22 9 87 24 82 35 27 50 30 16 72 5 77 16 6 9 71 27 61 35 12 47 10 40 47 2 9 38 60 45 6 17 57 46 20 30 37 28 10 14 10 7 38 34 37 6 40 7 7 18 23 21 38 4 14 34

95 96
61 30 46 8 58 41 82 69 95 51 54 75 32 86 45 75 22 83 80 8 3 49 59 87 52 26 21 89 91 85 49 20 6 49 3 6 55 82 61 14 52 17 38 17 62 45 36 73 63 32 48 59 19 23 44 5 12 62 19 22 31 22 49 41 49 6 32 43 33 12 37 48 21 40 32 22 3 11 33 15 2 31 20 31 3 34 6 11 9 25 3 21 23 26 10 5

91 99
86 26 72 45 82 46 85 57 3 22 50 76 47 5 14 66 81 34 60 17 19 75 61 29 75 51 3 24 19 37 81 61 67 68 35 69 4 33 17 53 29 62 12 87 39 73 29 13 91 89 16 1 58 46 38 33 91 87 9 25 12 18 83 25 12 80 87 78 61 90 22 52 64 12 53 49 76 73 65 13 86 46 31 86 58 84 68 41 81 80 56 79 7 56 75 59 60 59 61

99 94
78 45 90 32 89 5 60 62 92 82 41 47 47 3 83 3 79 74 6 82 82 48 70 74 10 36 45 19 36 34 18 24 31 10 33 13 41 43 3 62 49 27 33 55 2 56 36 23 33 35 51 33 18 34 42 24 34 8 14 18 6 10 25 4 30 36 11 25 13 8 2 28 29 28 26 7 5 7 14 5 4 6 10 16 2 16 12 12 7 6 11 6 4 3

92 99
33 57 85 83 3 35 92 58 79 40 55 4 32 52 87 35 12 9 8 44 31 70 1 39 22 59 88 20 71 7 26 15 6 58 28 86 12 15 83 83 6 64 71 64 23 46 4 74 58 48 4 37 69 68 9 62 20 19 24 62 3 46 15 14 4 11 47 2 37 29 23 50 41 43 45 9 7 36 30 42 10 31 5 23 17 36 9 30 12 30 26 4 29 14 16 14 6 11 5

98 97
30 26 70 53 5 70 55 28 24 40 88 93 83 67 70 91 90 11 11 76 90 81 2 96 10 95 92 71 42 13 8 33 63 78 49 54 83 56 14 54 47 54 42 61 27 17 50 41 30 14 39 1 45 12 38 48 33 19 81 86 35 11 27 95 16 72 54 74 89 66 35 82 77 32 64 43 52 4 33 11 73 96 29 9 93 59 60 90 56 82 18 86 38 84 22 83 12

99 91
93 14 31 45 94 60 33 47 59 94 60 96 48 6 90 12 25 39 43 82 87 97 9 12 3 15 36 76 65 64 19 41 49 2 72 86 59 15 17 96 45 52 63 54 8 38 46 80 14 47 63 33 26 70 47 12 76 70 95 90 68 72 52 87 14 58 39 88 62 57 54 91 79 61 50 37 95 88 3 68 49 77 93 23 2 90 89 89 33 18 85

989 1000
507 180 34 791 809 505 452 150 433 885 894 192 113 87 478 214 338 163 166 160 697 199 714 777 133 811 804 32 734 2 8 704 722 679 922 162 80 715 856 534 985 595 661 534 343 965 485 234 958 535 371 229 10 120 143 466 424 26 145 921 894 457 388 635 64 189 394 252 171 574 361 649 107 616 954 77 41 727 303 541 443 737 790 270 275 692 46 827 973 665 39 897 365 474 809 869 115 691 8 94 484 705 963 44 440 961 305 97 801 844 64 742 785 979 774 191 845 512 271 579 268 458 694 410 861 914 892 632 649 774 325 620 776 726 379 196 80 160 180 506 625 278 858 44 502 704 657 954 421 39 787 3 127 736 229 671 305 986 624 637 568 322 74 240 893 483 227 404 15 851 499 966 756 981 783 94 755 85 859 264 597 256 321 26 969 841 591 788 928 695 200 95 822 905 571 849 477 679 702 294 371 688 883 505 559 153 752 539 854 181 473 11 743 481 826 479 676 262 845 397 375 825 236 77 512 929 858 283 125 12 775 960 179 867 348 752 463 764 93 789 529 84 867 842 296 860 295 657 318 467 364 513 401 939 668 396 564 195 751 880 501 339 112 757 202 627 589 19 663 394 106 432 727 13 688 452 603 573 943 202 587 208 161 472 799 751 331 136 231 695 123 17 983 808 340 784 109 534 177 435 123 500 755 666 849 967 184 437 142 931 510 579 879 260 417 110 896 306 272 157 566 782 316 961 771 518 863 156 403 515 103 284 706 867 519 44 392 111 869 360 432 880 705 582 438 203 200 27 597 293 391 360 705 160 113 595 696 876 593 320 506 924 572 238 568 570 306 52 853 580 701 968 503 480 585 115 699 89 301 710 679 129 211 230 423 921 46 748 410 385 374 318 836 157 979 526 215 120 891 682 459 399 862 334 397 702 616 497 120 468 786 669 908 604 816 748 631 415 58 152 500 571 110 807 489 558 193 492 724 410 74 748 834 285 708 120 873 360 186 836 298 13 789 954 62 186 430 656 904 832 648 367 713 739 195 114 882 256 544 678 771 601 397 263 905 267 373 299 710 331 122 237 540 406 404 310 828 504 346 968 107 50 809 504 833 213 616 408 462 457 354 468 884 732 593 784 136 595 562 175 633 154 178 870 472 335 25 724 78 132 259 684 640 699 185 516 217 817 874 877 686 937 73 785 699 203 290 570 778 925 236 413 344 372 954 84 886 856 447 776 266 842 827 584 372 502 916 17 558 774 385 373 542 201 873 779 209 266 779 289 213 91 184 183 548 311 36 636 951 443 161 599 197 359 973 480 760 773 531 207 713 982 444 70 345 658 730 354 338 373 950 536 893 335 351 540 150 461 522 349 134 721 329 191 939 412 318 546 348 621 521 48 470 23 87 766 242 528 711 843 422 389 348 94 451 851 746 368 187 860 812 728 461 47 792 770 361 550 800 85 234 337 445 275 313 880 115 874 340 622 777 314 845 298 493 22 654 749 239 525 376 579 954 737 982 862 150 658 486 737 390 931 495 439 72 802 243 825 822 581 181 404 831 776 64 858 621 337 268 415 294 882 720 598 893 519 844 854 669 785 24 838 269 335 963 854 455 144 698 885 58 262 479 404 879 556 53 92 423 126 801 882 544 652 724 361 4 984 605 326 720 494 439 827 883 160 295 945 157 693 464 898 570 11 5 901 63 360 693 826 77 970 482 504 208 318 885 802 547 151 560 886 457 341 636 784 347 26 379 216 468 366 690 752 161 206 652 631 157 698 234 490 540 899 376 592 311 556 560 398 91 522 534 309 812 544 144 310 327 455 279 854 240 275 406 800 40 599 515 14 223 953 78 127 837 923 885 258 571 107 765 838 143 37 664 861 633 896 172 212 642 302 806 552 929 844 334 440 74 919 907 541 74 981 207 312 67 789 829 558 854 498 744 897 43 14 485 132 294 224 603 777 817 535 387 237 575 643 218 313 885 209 607 730 775 265 144 567 979 495 418 318 171 134 254 154 933 342 773 809 145 973 133 627 513 78 106 716 249 565 51 694 369 364 526 718 854 646 36 978 783 115 531 188 820 680 645 832 424 195 301 297 546 10 964 368 564 166 307 175 626 203 235 578 157 549 80 593 103 930 605 714 310 72 363 152 365 708 939 562 528 98 362 908 279 222 43 913 323 313 814 477 925 342 272 475 829 88 903 918 68 205 659 468 97 643 877 230 465 421 189 792 679 245 317 592 896 294 29 885 593 896 180 597 578 720 351 880 792 309

1000 976
361 644 149 602 7 580 881 213 3 939 122 741 107 1 887 355 706 708 222 283 903 368 828 967 465 289 199 325 2 844 96 631 781 792 247 119 808 945 446 132 551 656 393 911 429 30 233 237 869 782 260 759 136 594 960 89 282 502 658 370 771 796 364 658 925 276 498 377 416 956 324 40 455 637 643 391 912 168 165 862 686 454 163 848 3 477 25 246 976 709 184 871 609 179 760 686 228 67 56 892 380 684 834 662 482 437 353 291 97 211 974 290 311 154 91 863 86 291 649 931 780 621 84 162 125 721 233 844 765 614 754 513 711 487 616 159 106 614 254 294 388 755 191 182 830 114 18 137 619 309 632 627 665 238 999 954 265 108 363 215 477 432 300 604 657 148 395 546 62 763 302 860 50 704 612 37 557 973 295 373 591 600 653 679 579 88 666 140 152 4 272 58 92 312 471 881 398 311 180 897 958 62 320 809 471 308 965 635 221 736 815 773 108 497 305 92 269 253 763 493 176 966 548 88 426 265 791 404 769 476 333 863 373 639 60 529 490 180 877 731 432 157 232 740 843 232 43 939 751 42 761 790 506 142 222 678 639 323 882 409 436 826 992 876 540 559 619 843 275 569 905 999 704 826 855 640 203 324 701 462 42 100 523 268 583 600 123 601 486 434 245 18 710 98 315 366 80 336 182 511 685 263 910 724 884 851 223 374 112 813 463 863 474 593 570 970 998 283 988 980 99 64 751 449 122 572 71 456 154 32 315 625 477 353 487 274 243 448 992 667 814 36 521 675 649 580 861 687 335 204 492 94 522 893 831 650 489 690 147 592 263 615 326 148 42 415 513 775 330 281 358 218 928 521 690 293 759 826 565 344 851 2 958 486 788 924 771 603 826 604 47 482 781 800 165 27 974 690 339 232 498 608 252 337 698 910 829 283 343 273 708 667 940 561 729 246 737 12 872 829 337 249 409 124 825 53 253 846 105 341 632 76 793 801 168 734 234 895 786 36 409 149 891 701 813 743 344 817 610 985 992 712 654 920 76 803 329 415 321 983 32 162 579 46 676 628 858 841 487 89 557 505 573 184 722 905 458 14 46 775 232 975 430 406 344 733 70 120 34 307 62 260 819 287 689 824 405 235 605 189 440 851 463 691 378 558 1 185 499 147 694 451 407 92 246 672 188 611 768 53 707 930 369 768 284 873 669 571 980 174 949 702 899 666 178 796 890 543 151 708 905 184 843 219 983 243 326 183 142 174 170 914 15 938 463 793 759 38 753 748 61 779 134 570 822 59 493 198 55 169 567 497 378 351 762 786 664 3 309 854 978 720 351 222 953 844 191 456 516 162 907 354 219 694 591 877 312 102 980 244 32 880 62 399 843 5 223 457 395 489 607 986 362 760 743 3 816 131 340 681 352 926 342 840 608 972 422 12 827 634 169 483 138 231 727 488 907 836 792 807 157 671 956 542 524 591 841 254 165 828 906 870 36 836 490 897 346 288 363 407 83 809 748 549 515 325 698 96 28 595 507 127 345 477 842 414 257 878 273 172 705 161 915 741 787 517 907 293 407 81 753 725 96 745 749 233 576 277 153 875 680 421 802 92 836 311 842 748 44 301 333 207 569 731 145 632 30 683 304 598 356 484 54 394 233 89 252 303 372 251 91 213 172 47 734 390 124 335 418 781 404 848 374 664 134 34 632 696 590 624 112 601 445 550 635 297 490 115 529 470 237 523 445 67 580 825 379 162 795 431 761 385 271 14 442 347 246 741 627 745 282 211 375 122 98 483 477 237 368 523 260 756 341 750 246 539 404 653 300 256 459 477 183 794 567 461 764 150 433 515 402 82 64 302 120 410 368 458 608 752 484 325 455 704 440 522 161 291 230 254 225 698 614 98 59 137 524 372 119 291 659 624 311 722 85 533 507 491 357 171 162 99 300 583 387 94 714 297 477 34 400 324 368 423 116 291 697 137 292 683 250 572 90 18 393 722 513 176 601 201 547 468 18 379 258 492 524 612 248 352 146 396 290 350 83 136 551 478 494 394 389 662 286 542 644 558 377 318 144 284 346 334 509 24 468 163 654 299 77 17 24 529 401 452 82 540 391 373 52 233 52 338 422 157 158 114 269 283 422 76 284 563 59 191 62 120 556 39 485 160 525 209 421 246 500 171 166 371 433 343 348 74 133 504 100 238 184 562 398 296 145 136 106 43 608 198

975 981
387 44 681 130 911 86 9 127 170 208 696 820 883 914 933 427 416 222 616 912 5 230 603 520 751 756 720 670 963 77 350 180 605 57 831 639 815 446 299 683 98 205 422 56 633 619 272 579 147 299 494 881 93 226 790 922 452 503 102 214 423 761 726 508 596 702 556 872 270 247 379 646 13 639 481 907 329 228 470 304 323 886 349 414 577 456 54 25 390 156 215 634 351 578 658 141 654 802 76 612 144 603 392 338 625 84 807 194 342 274 100 601 167 552 890 448 942 577 880 459 314 642 410 193 284 914 449 390 187 471 902 202 255 790 107 715 816 965 629 104 450 612 564 677 546 166 497 757 562 847 119 817 474 557 292 905 86 429 164 811 506 907 682 738 877 250 753 330 360 520 540 856 939 276 193 160 65 787 236 750 693 155 37 344 668 950 413 768 355 429 234 513 494 187 725 691 119 404 52 584 905 108 303 806 75 855 478 32 93 304 344 789 716 357 48 136 672 790 333 866 467 384 322 862 376 2 289 909 61 700 596 613 819 5 235 22 417 516 349 865 52 21 649 99 969 514 558 660 158 743 612 771 319 27 920 254 151 356 97 484 569 786 52 17 933 5 481 198 373 949 197 631 957 203 389 197 144 896 258 412 491 636 803 112 943 873 560 601 94 351 548 850 665 73 41 144 789 69 60 154 497 855 170 510 611 313 502 11 21 624 767 183 558 669 637 474 157 172 271 697 494 12 836 190 211 728 790 203 702 298 116 621 482 926 332 872 141 681 200 610 827 52 164 42 278 51 460 149 239 904 237 422 518 927 869 464 566 243 563 967 608 39 946 168 758 694 310 487 563 769 20 73 381 169 695 219 153 867 699 155 679 528 464 673 775 22 526 70 404 382 405 336 424 338 701 430 878 68 91 477 778 722 815 452 128 248 843 917 45 615 404 210 739 974 392 932 142 211 230 708 158 339 80 718 954 94 959 885 791 637 603 634 627 271 759 185 501 212 119 278 624 161 607 132 494 397 699 677 154 674 699 868 239 51 836 736 408 519 870 701 900 218 353 243 489 55 507 143 637 465 308 494 814 339 762 115 503 146 453 370 850 519 320 854 140 429 98 212 433 899 450 388 903 216 313 106 196 723 437 850 452 572 200 414 103 342 590 52 758 793 312 495 474 61 255 679 384 493 631 109 540 577 610 7 122 586 445 393 94 126 942 685 800 545 290 892 847 485 832 517 440 468 196 628 300 358 168 81 595 400 949 774 691 964 113 41 936 919 89 800 53 393 494 119 43 433 185 520 897 359 758 141 468 430 567 404 172 254 101 824 482 257 406 919 861 167 256 832 207 299 400 14 152 56 141 211 345 448 59 305 649 166 473 499 443 277 527 289 664 447 816 844 394 471 940 453 20 505 650 733 758 55 897 703 538 958 499 884 505 361 127 76 347 742 629 451 325 615 387 596 496 566 827 60 441 526 680 120 874 500 558 810 451 852 272 375 407 319 65 108 914 738 60 803 662 762 149 289 604 764 870 131 821 850 852 633 833 82 636 438 516 847 912 946 52 761 913 716 972 548 365 216 878 429 423 706 427 776 683 957 251 310 749 975 198 55 867 759 428 110 929 836 18 500 362 544 778 411 551 325 409 862 548 378 137 832 351 840 698 961 359 329 686 268 945 400 248 734 740 621 369 651 907 163 297 812 356 477 404 822 722 959 606 377 569 190 196 785 799 301 275 841 421 897 910 101 742 519 251 788 48 843 27 629 629 411 71 84 427 612 371 475 872 580 529 99 547 736 727 759 53 661 211 827 206 326 494 468 685 658 594 877 118 942 733 551 953 427 132 399 737 178 175 43 691 904 828 517 557 104 28 234 920 459 80 68 288 169 878 596 367 241 323 568 696 517 873 401 713 754 609 917 256 616 908 904 350 886 910 64 30 655 66 487 253 712 805 270 603 520 416 653 623 119 636 729 477 231 343 513 829 57 325 555 855 340 589 858 665 760 549 354 7 296 580 492 272 871 117 164 712 733 635 506 456 438 237 191 538 323 634 373 718 257 387 105 551 680 808 35 4 300 796 479 622 252 629 837 188 786 838 696 725 184 298 209 452 271 276 637 610 426 785 629 545 315 212 83 230 599 818 815 189 529 772 527 201 131 703 455 221 408 680 605 459 332 148 512 553 622 438 409 395 645 20 171 787 372 275 694 243 643 183 644 232 371 465 434 631 387 778

973 973
627 9 281 431 228 428 103 945 46 972 144 255 594 135 685 870 314 869 838 311 19 865 598 774 16 32 119 438 364 363 130 121 636 379 328 755 330 393 638 700 90 71 5 850 961 23 740 648 580 260 303 887 437 752 868 481 550 570 561 776 560 312 744 774 232 591 254 377 881 966 597 663 593 742 448 404 945 355 840 578 88 496 792 493 918 706 90 135 412 232 739 751 845 234 747 622 835 58 320 43 726 132 164 763 176 102 457 775 608 295 465 187 471 874 19 729 462 408 222 213 296 753 918 53 481 673 866 584 716 13 537 604 235 467 520 969 436 438 815 467 888 507 80 346 18 849 862 568 499 476 175 856 110 383 61 389 7 142 77 148 529 571 757 449 154 143 743 547 834 350 597 853 289 216 287 960 56 761 625 109 419 529 623 409 961 765 147 232 876 458 659 387 183 586 690 88 367 357 509 432 567 512 551 511 8 151 869 947 490 438 487 309 872 558 149 708 813 299 490 453 99 122 190 865 520 511 970 23 292 925 132 853 262 262 781 517 386 121 864 905 653 603 638 327 238 961 6 513 556 207 276 746 841 297 151 82 522 118 346 725 888 97 725 652 831 640 87 267 756 221 379 857 491 559 388 149 418 117 297 323 756 538 412 812 963 563 886 464 217 353 891 890 794 829 459 744 828 769 6 490 615 406 564 193 730 339 295 543 683 863 696 908 742 565 412 216 766 931 965 758 536 916 411 30 2 39 663 530 758 802 534 335 676 545 460 616 393 370 616 961 572 792 45 227 380 716 936 767 130 704 970 168 206 416 429 902 244 747 307 483 457 211 414 230 533 312 799 463 747 585 795 75 74 66 519 21 706 449 129 605 515 153 13 821 811 317 787 87 753 565 724 42 912 703 448 11 753 53 251 72 507 694 941 224 661 912 381 639 314 113 254 67 209 771 969 247 315 921 162 41 273 572 262 556 180 243 313 187 847 299 23 751 78 460 52 815 299 920 238 722 180 692 470 125 924 69 968 287 2 570 813 478 222 334 826 502 384 30 621 347 95 703 153 887 687 519 279 761 227 628 612 105 388 709 461 829 556 428 491 899 435 172 522 103 499 837 610 142 685 263 847 345 436 970 132 902 261 21 300 68 45 664 9 382 67 69 951 378 176 656 277 244 116 758 23 390 646 831 135 607 474 848 392 301 393 931 420 514 816 258 769 668 108 490 505 952 756 852 282 447 50 656 92 9 944 576 376 73 848 418 50 126 726 622 140 487 441 74 726 174 73 577 747 672 13 714 6 219 417 944 756 800 121 598 156 898 443 937 29 244 369 465 83 220 543 896 688 929 930 490 939 380 246 860 894 275 362 79 782 689 90 278 70 407 744 391 36 639 30 875 678 429 553 3 172 182 666 612 235 308 508 161 785 878 18 41 911 888 760 487 500 661 952 176 802 303 515 219 235 766 107 661 926 842 449 305 898 367 498 674 116 459 317 816 610 235 704 841 82 245 223 556 193 547 608 701 332 550 471 769 258 929 923 835 239 939 810 270 176 43 711 119 412 923 119 391 117 659 476 330 423 283 749 614 598 804 95 678 144 589 195 84 282 474 215 371 710 781 828 529 918 266 371 959 510 918 490 864 186 947 322 142 349 49 54 628 98 191 917 153 617 337 320 256 200 442 533 940 963 531 312 140 31 626 914 605 388 42 423 377 53 952 842 519 889 350 796 695 752 132 468 599 113 664 257 858 691 527 601 336 407 686 495 649 119 708 365 665 639 318 578 62 404 13 770 453 232 606 799 327 487 551 122 574 247 744 752 417 284 210 110 228 328 596 584 40 595 166 745 230 306 437 643 849 876 471 155 286 825 793 555 44 780 631 882 470 524 838 475 407 514 600 66 391 775 454 235 706 84 760 858 544 548 164 60 715 567 51 706 368 280 52 629 382 792 210 573 541 700 804 76 498 366 457 260 79 264 617 211 616 836 212 294 563 453 237 24 728 557 38 30 771 280 299 424 645 660 245 204 726 231 605 519 214 341 578 26 678 542 669 463 490 568 46 466 453 795 202 798 797 449 108 378 40 250 578 791 148 642 395 252 713 263 86 205 349 378 205 636 680 453 154 133 431 25 703 484 334 242 29 371 530 170 465 374 125 526 32 359 73 551 447 79 195 73 119 725 38 748 474 52 633 257 237 446 508 712 711 588 492 632 603 571

994 986
21 489 513 842 739 747 979 103 328 728 436 900 768 370 12 539 539 152 230 26 20 641 566 27 273 370 907 3 351 575 958 12 630 752 716 37 839 344 785 802 84 168 861 734 231 295 851 417 163 595 883 517 9 874 676 979 802 147 451 219 874 194 674 259 839 16 322 617 913 734 265 870 401 373 573 990 606 245 865 194 662 234 747 395 834 297 703 490 864 723 845 668 625 826 134 742 113 608 281 504 651 926 701 560 180 216 712 465 386 649 954 338 574 698 544 887 820 152 832 30 403 849 700 76 6 312 145 677 578 851 145 523 74 750 492 50 886 386 238 376 555 736 731 745 893 806 54 197 944 301 65 973 619 498 965 89 597 349 369 815 213 113 209 351 582 196 863 942 721 235 936 447 623 452 949 615 778 350 305 569 119 420 229 913 347 919 982 16 989 513 818 290 109 100 767 621 856 987 238 654 954 749 976 614 277 200 676 478 919 180 104 757 858 571 817 839 82 105 373 271 440 419 597 398 386 612 119 649 40 732 246 69 491 807 850 387 566 90 354 854 248 677 493 15 122 735 246 55 518 119 988 876 902 179 373 989 349 934 595 367 193 872 126 613 898 835 121 981 661 440 5 413 812 343 223 529 719 320 674 413 410 295 198 661 909 732 549 936 141 449 940 902 623 386 935 560 45 704 345 436 148 235 282 676 907 720 76 3 703 396 19 870 88 695 266 862 68 953 528 610 551 643 461 670 690 53 926 246 963 175 937 375 458 177 838 248 130 613 405 248 919 54 658 117 757 592 111 819 340 918 206 363 103 404 355 121 754 450 665 609 483 142 986 614 484 117 555 177 837 913 368 966 953 501 875 922 109 888 789 320 903 958 92 356 114 916 279 224 954 277 140 158 745 49 472 405 762 964 706 646 902 26 5 774 953 226 300 904 655 740 412 462 516 343 419 257 660 584 517 594 669 324 554 842 989 392 67 293 763 806 416 646 699 615 262 263 56 263 988 692 65 930 259 827 32 291 391 196 507 773 420 29 616 272 993 117 439 775 668 3 91 32 50 851 803 361 517 255 314 655 451 604 651 821 761 645 354 282 122 79 804 586 264 402 485 341 960 935 801 767 762 11 339 492 622 535 694 603 905 443 414 225 1 726 19 568 731 26 445 382 552 235 325 710 398 362 282 843 161 819 665 596 790 821 39 655 247 435 869 860 631 76 153 883 630 824 764 696 868 907 142 55 56 81 837 592 174 670 355 719 2 564 713 434 848 773 379 675 198 876 312 56 563 658 833 503 209 688 678 238 36 20 740 355 268 740 827 515 309 340 373 631 229 114 678 261 145 39 197 116 812 797 665 738 506 670 392 554 524 451 840 164 648 723 536 696 511 18 59 577 114 206 408 806 634 369 52 186 698 765 664 500 539 812 93 202 527 31 735 777 566 706 764 650 27 691 48 809 707 136 432 156 33 133 83 86 389 84 248 753 521 795 711 670 613 710 38 714 771 240 479 544 780 282 574 254 623 257 650 534 157 31 28 742 591 491 723 441 433 530 693 467 583 603 593 86 564 623 279 648 474 35 414 158 278 751 58 4 257 210 572 277 701 593 605 203 109 145 657 84 448 61 276 450 391 272 511 59 359 685 2 520 58 267 421 213 583 710 132 645 676 343 454 269 62 17 191 326 455 112 101 411 353 542 432 678 169 608 83 506 553 559 191 577 136 85 330 172 451 334 13 522 266 39 567 338 280 370 613 42 405 290 267 420 652 135 612 494 368 258 577 133 122 593 588 441 487 501 658 42 34 633 287 266 582 271 250 477 81 6 62 192 340 228 382 37 481 393 318 488 415 457 305 54 596 593 319 160 342 145 360 154 437 402 432 577 485 545 208 76 562 84 399 198 461 585 271 224 285 344 406 126 499 411 464 119 240 312 49 437 262 124 145 409 57 277 273 326 556 393 351 372 96 76 155 544 105 371 46 88 251 327 138 55 264 562 178 115 53 426 287 425 375 168 115 46 323 518 23 291 463 546 81 540 127 324 336 188 448 304 430 144 124 241 16 377 504 101 446 483 169 510 174 436 415 201 35 306 100 286 185 471 188 419 517 455 183 182 273 86 438 408 247 5 504 366 231 6 496 418 183 404 249 467 211 477 287 61 180 320 286 144 480 355 131 326 292 56 476 9 257 218 417 6 183 141 101 341 89 386 406 33 106 311 306 2 11 459 61 57 139 128 10 229 421 177

979 998
158 658 808 493 697 59 193 85 569 108 227 84 293 215 319 591 67 195 115 497 768 808 752 133 578 525 271 460 518 808 191 451 923 695 38 42 825 869 372 430 904 97 575 118 870 343 897 642 608 615 412 726 58 495 401 505 148 699 154 171 416 60 534 13 274 943 248 260 470 837 575 399 781 192 622 970 215 925 484 149 907 672 852 106 74 197 400 609 296 579 229 375 582 728 776 424 135 243 255 744 945 324 940 662 58 458 349 311 850 544 196 159 117 227 46 884 742 455 552 214 71 23 110 131 38 226 432 291 340 28 255 78 974 767 315 620 856 743 5 150 495 666 665 388 318 963 349 230 790 826 35 882 196 713 751 207 99 67 435 397 499 267 927 383 610 426 308 71 573 158 400 180 635 535 402 759 778 49 537 465 810 436 332 348 552 260 273 635 978 368 173 526 685 112 937 153 493 765 785 677 652 883 690 873 73 932 30 45 937 109 765 846 957 587 820 25 702 722 4 679 704 618 78 409 380 305 6 885 948 575 78 156 137 132 601 497 686 303 568 581 854 57 486 812 846 782 26 384 130 931 929 838 952 279 407 623 157 43 575 262 341 127 21 402 319 862 416 939 913 700 684 251 400 402 579 513 366 585 974 705 710 674 492 5 287 923 951 444 516 588 637 298 188 429 429 784 399 374 87 898 364 888 390 349 586 99 918 968 172 677 5 175 634 285 484 629 805 785 858 795 475 101 812 255 579 403 1 308 368 828 145 456 737 882 283 560 813 721 39 130 601 971 685 777 296 362 148 285 24 773 926 62 867 654 544 576 602 332 945 134 53 708 685 446 444 919 664 795 272 519 85 649 349 56 588 513 583 488 717 851 770 411 630 514 921 718 551 572 979 273 472 674 415 639 30 875 832 206 286 326 581 73 182 112 883 706 514 159 320 325 389 67 186 746 626 910 630 250 630 346 602 750 110 777 632 490 453 147 944 375 262 499 809 799 297 920 58 723 193 231 937 599 5 484 37 55 358 633 150 224 433 13 879 383 950 521 837 661 452 861 937 392 860 98 13 608 860 810 734 523 310 489 395 878 674 18 722 786 849 143 422 555 432 31 655 733 562 23 320 856 963 120 345 55 139 127 944 930 475 228 900 978 102 159 283 10 843 887 178 714 68 491 608 310 220 256 38 50 718 818 738 828 780 284 253 697 314 476 445 686 220 462 30 863 520 367 303 375 578 736 478 557 969 128 60 342 576 78 928 160 84 813 324 453 653 951 330 459 784 890 138 718 838 681 324 650 681 596 448 72 190 897 977 862 620 778 511 827 616 461 737 46 798 768 670 659 189 785 566 874 977 79 824 263 543 874 89 901 446 665 447 172 853 928 747 29 262 851 843 603 630 347 862 398 859 910 940 158 827 16 168 820 101 645 522 739 184 923 382 967 505 28 507 784 603 84 577 207 7 586 728 183 18 964 622 663 112 281 498 269 312 517 834 483 796 216 164 949 53 396 105 376 171 312 970 506 478 753 743 56 869 425 751 917 964 517 638 409 821 429 510 569 657 768 240 405 790 29 755 653 233 787 685 108 910 416 54 631 381 211 366 592 260 549 93 129 625 347 706 566 750 687 614 770 329 350 137 927 214 580 613 669 544 716 848 341 751 694 60 607 822 668 536 774 650 957 130 706 782 366 258 408 793 223 814 189 327 222 345 362 553 106 788 320 279 130 368 60 724 841 728 741 415 663 732 841 278 497 887 23 700 344 873 254 313 784 391 204 94 298 843 57 610 13 415 699 775 48 824 46 252 255 66 702 419 96 787 490 895 550 463 127 863 818 166 410 527 517 784 848 736 92 537 215 541 319 469 120 507 695 75 893 319 72 852 255 671 774 394 416 884 165 156 267 553 759 694 91 687 319 511 655 260 495 313 384 563 59 380 620 606 846 50 358 327 315 672 317 158 255 260 471 747 153 39 806 114 52 171 5 425 811 677 29 78 473 615 466 284 576 614 384 223 525 552 498 816 516 361 301 260 557 465 455 651 553 665 168 772 618 299 618 247 462 119 123 809 569 663 82 501 52 191 98 271 799 781 330 405 717 514 791 791 706 154 772 537 441 783 616 473 670 732 725 670 357 610 445 409 153 493 438 37 707 594 57 192 299 477 550 254 64 203 61 456 467 370 198 63 248 240 254 583 504 251 47 654 24 376 218 301 598 250 431 740 99 215 493 544 178 169 408 644 27 27 729 397 315 391 57 140 412 107 563 52 387 676 653

986 976
73 112 669 99 561 972 781 87 605 965 766 128 802 190 76 958 760 424 690 966 529 824 153 846 633 402 227 384 181 13 135 909 482 793 481 13 935 322 972 477 759 375 681 221 488 721 789 247 631 542 105 548 207 531 526 884 604 205 713 673 469 950 870 453 156 622 367 488 457 909 10 822 477 478 298 596 513 936 106 93 554 259 861 629 178 469 188 869 406 864 14 479 35 563 215 423 244 282 202 534 570 209 624 333 904 572 356 12 837 234 473 697 527 455 356 723 316 25 730 128 935 286 853 102 868 94 851 409 717 723 88 848 203 814 263 483 894 72 113 74 361 371 383 328 849 468 165 160 665 528 459 861 230 279 282 784 454 82 99 807 773 158 179 150 170 89 515 137 924 645 834 15 363 890 430 371 184 78 835 793 819 625 608 358 198 329 763 624 721 328 600 339 788 125 123 789 158 226 389 713 240 791 779 842 315 825 72 585 667 536 684 261 262 313 394 842 707 668 87 267 291 560 676 366 607 351 622 606 180 760 750 92 708 147 36 599 720 824 344 716 441 453 647 612 11 274 294 524 81 418 560 696 740 95 349 4 516 348 510 837 645 668 721 239 593 36 279 396 157 414 779 166 727 472 442 643 349 617 497 760 460 183 671 755 559 256 713 137 799 192 536 94 790 361 3 94 480 743 687 727 82 162 109 456 161 38 256 128 608 87 615 491 486 390 201 79 97 120 657 690 706 275 457 758 364 229 642 239 660 577 638 85 354 745 183 526 638 409 488 161 74 260 728 581 414 387 111 227 654 199 652 463 65 114 90 107 180 272 662 532 672 29 101 721 564 710 273 245 566 473 179 592 509 484 44 664 658 284 253 666 321 151 459 107 458 74 686 539 158 625 603 182 428 6 265 197 230 44 511 126 352 385 129 525 182 171 534 391 500 15 66 628 478 108 463 289 5 483 355 53 123 212 469 119 344 504 179 332 333 407 655 292 527 503 244 229 541 353 7 137 319 324 154 306 114 13 338 641 11 18 411 644 196 330 110 241 604 305 385 417 530 13 534 76 417 580 586 226 554 531 239 349 372 595 276 99 413 267 172 475 198 191 487 364 47 119 519 206 165 528 429 532 415 125 229 332 518 284 187 397 314 468 381 6 308 396 487 7 403 346 267 103 218 118 28 210 87 472 245 186 108 354 295 451 3 186 163 81 78 246 147 131 237 313 507 550 534 132 228 27 425 218 59 462 64 257 549 154 528 435 225 222 256 38 476 313 35 402 469 536 50 534 333 81 119 483 74 324 136 155 273 241 259 247 279 11 511 79 461 405 267 209 406 92 288 79 49 266 392 347 182 456 197 420 332 347 132 367 122 181 385 114 330 360 257 376 316 382 287 243 268 257 128 120 157 2 390 317 174 15 7 319 297 468 282 147 24 241 141 186 80 247 426 252 220 200 375 73 182 403 56 272 446 114 135 419 47 404 238 438 58 159 317 81 420 152 82 285 410 137 248 162 417 115 35 177 163 57 96 384 251 283 280 42 406 88 141 87 52 407 92 11 373 197 22 269 145 241 227 276 222 12 305 114 255 108 145 366 263 88 198 283 213 100 59 318 18 80 189 332 75 78 354 215 34 5 319 198 338 238 370 163 179 133 86 20 63 153 119 116 121 154 175 21 240 201 49 7 116 153 120 228 322 142 112 125 349 111 215 80 320 291 329 217 173 91 129 267 315 160 27 184 105 63 20 13 209 243 52 276 142 109 98 234 266 228 115 254 150 196 7 132 216 196 230 281 123 296 215 71 174 163 150 98 242 189 222 276 109 92 5 132 64 132 239 142 8 237 191 200 16 263 209 273 58 126 138 61 238 155 55 209 239 114 236 141 112 216 207 86 65 58 255 140 161 86 82 183 17 109 34 26 247 148 234 246 34 148 89 222 36 62 8 106 147 189 61 197 185 104 224 215 182 145 151 90 143 187 16 60 74 165 185 176 200 220 127 177 186 117 69 51 58 78 62 36 34 33 160 87 67 28 20 177 198 107 190 142 145 13 177 167 60 171 110 23 123 29 78 124 24 47 29 125 124 156 22 78 36 154 128 21 2 169 20 10 22 110 27 5 121 59 94 79 140 87 106 41 33 66 127 103 100 62 56 9 31 104 57 44 144 83 14 103 95 62 131 50 17 117 7 123 89 4 117 74 18 117 83 105 97 91 119 72 45 83

976 988
914 598 412 138 661 937 739 802 253 685 668 278 261 404 727 389 243 473 169 127 98 665 471 714 557 455 714 527 612 530 789 721 383 100 678 710 670 123 355 214 687 763 853 974 917 52 934 800 942 572 883 767 183 878 400 607 797 274 159 748 843 543 176 258 238 224 16 698 795 43 553 60 874 826 714 70 270 311 889 128 888 477 25 455 602 442 485 41 618 83 388 887 913 9 489 837 281 74 868 767 588 577 313 582 163 126 887 711 760 964 17 341 4 160 88 407 658 220 487 269 319 11 821 283 727 678 681 112 360 347 298 165 955 649 739 763 643 209 796 683 506 281 756 328 417 195 298 701 118 503 599 50 497 556 373 440 128 279 573 180 432 372 88 670 230 75 545 167 52 422 648 338 418 333 61 575 774 927 125 538 411 858 562 618 971 863 224 149 122 536 427 97 905 138 603 602 659 974 213 891 549 561 611 934 407 1 525 49 439 156 307 657 921 85 309 202 614 511 493 534 774 379 434 896 113 491 273 54 309 756 275 728 27 92 321 379 642 212 897 805 748 420 381 460 618 69 322 871 53 863 186 865 518 575 16 936 285 14 916 654 467 549 935 84 401 715 297 276 377 515 167 181 477 759 57 4 855 171 23 580 358 634 800 510 818 292 403 61 133 212 456 519 839 690 583 879 441 324 167 536 863 740 455 820 933 783 286 186 60 752 662 642 530 309 374 337 662 828 402 609 878 478 324 326 731 64 397 574 184 938 161 444 952 824 147 150 572 84 740 64 558 304 527 513 814 652 816 58 674 269 556 827 939 536 611 191 751 926 948 559 300 876 755 692 661 931 364 511 868 818 6 252 921 686 816 228 839 165 431 432 317 842 424 361 785 233 483 438 556 332 215 830 322 698 39 44 99 451 406 649 538 177 557 586 917 353 870 257 128 54 946 530 441 732 944 594 298 23 456 962 63 745 165 591 958 137 846 157 543 685 547 142 413 627 441 463 687 347 792 188 410 525 131 740 356 180 547 608 736 807 441 309 122 927 484 117 364 44 791 537 762 716 526 154 195 632 809 675 412 587 50 916 964 769 104 265 74 169 396 888 149 613 47 154 579 518 310 704 734 447 636 876 893 619 632 379 715 636 245 638 428 861 788 969 722 836 234 35 357 341 290 891 883 430 132 880 195 335 471 217 151 383 339 573 758 391 804 399 497 237 845 314 123 889 104 36 426 420 650 229 527 428 157 741 513 40 936 701 48 468 467 232 696 337 895 113 327 578 400 127 964 303 720 759 77 107 551 670 158 367 965 350 355 481 150 370 515 769 885 375 914 39 370 246 508 465 930 759 529 761 420 142 634 52 838 594 368 649 249 648 807 652 491 336 10 181 837 211 438 71 362 496 891 399 367 909 745 426 140 161 503 764 422 331 285 210 645 798 25 787 754 326 154 462 248 519 528 887 603 512 72 66 213 600 86 41 240 577 352 108 1 139 295 345 407 787 157 402 597 205 497 112 293 117 7 432 502 791 757 572 681 544 264 719 766 260 136 490 548 359 117 183 44 432 31 328 823 389 818 126 89 443 761 818 537 510 794 54 158 339 353 441 348 732 551 666 20 460 465 504 661 272 402 136 34 659 580 524 490 392 411 71 187 433 336 400 398 527 464 586 350 98 687 333 280 130 799 551 48 578 783 64 66 237 579 398 16 694 512 656 658 45 665 128 503 757 403 565 426 671 704 523 600 572 412 271 225 332 739 538 483 574 429 303 637 27 270 435 80 180 340 247 500 365 167 331 467 25 583 155 325 412 34 366 288 516 617 145 594 611 735 291 391 229 94 86 52 576 19 672 518 54 75 109 188 620 498 701 596 457 625 440 94 561 290 397 166 311 579 450 630 230 201 512 420 48 333 316 120 578 205 65 465 102 381 255 388 585 658 464 176 11 287 316 559 593 301 99 310 531 3 349 583 599 589 395 482 278 94 110 548 512 25 164 623 659 238 342 644 189 134 87 464 473 339 299 488 410 191 619 471 62 168 152 518 534 147 49 625 402 635 280 10 28 430 512 425 450 323 478 295 272 534 81 124 621 504 440 570 120 282 31 404 481 545 485 513 410 607 331 525 127 319 71 82 418 335 572 315 38 113 206 431 327 191 98 99 385 56 81 359 154 455 318 285 554 62 268 141 207 225 177 394 65 152 568 181 297 216 415 190 389 35 255 324 41 137 77 440 268 299 540 395 294 320 483 549 106

969 970
849 483 21 687 953 848 777 346 240 485 519 914 129 66 708 135 883 86 882 765 566 874 288 821 342 640 919 268 824 139 946 456 826 120 353 82 607 98 966 82 379 533 52 464 304 82 466 963 93 901 378 749 274 269 548 882 134 671 378 601 376 456 504 689 97 594 135 719 484 346 766 701 916 199 893 59 899 394 793 320 466 125 607 643 93 715 576 962 742 106 741 185 629 862 917 650 466 930 258 786 285 494 337 66 323 711 163 894 278 110 465 635 598 841 37 393 690 820 61 700 524 139 401 78 80 894 20 629 366 197 859 443 242 427 116 592 32 123 327 114 277 414 281 288 874 186 131 495 544 741 766 283 68 3 550 66 426 41 695 74 141 792 796 613 416 607 657 515 32 314 369 84 818 315 590 953 139 474 192 718 445 324 213 575 775 936 473 862 1 9 663 308 418 392 701 344 124 636 768 755 282 484 243 330 66 211 735 714 454 353 192 869 969 363 480 713 383 297 504 308 789 260 384 46 168 219 356 177 134 228 870 363 249 595 486 356 741 738 911 826 216 294 617 247 75 717 686 508 756 8 817 251 199 758 152 397 460 698 366 403 348 840 738 30 202 259 946 820 467 824 646 719 63 233 884 192 412 324 445 666 618 96 784 520 346 674 113 822 279 562 282 663 494 761 856 201 861 893 429 226 246 357 478 906 908 877 427 45 595 794 217 752 353 404 237 158 872 546 71 825 666 602 827 169 114 584 767 842 452 120 311 567 730 49 541 771 179 659 322 254 629 834 118 576 806 296 243 550 333 609 219 683 78 718 472 462 180 82 597 802 143 108 667 154 273 811 220 503 446 49 550 794 119 462 586 4 383 327 3 220 16 227 74 654 804 401 38 493 342 158 815 166 707 476 129 333 538 498 743 720 305 53 595 637 623 620 24 313 155 254 49 491 29 646 469 71 64 396 334 419 206 172 483 778 226 543 413 79 232 70 631 473 740 408 240 774 16 19 729 741 587 185 330 243 310 600 490 131 250 418 699 524 488 197 495 562 325 7 76 448 664 202 385 70 476 617 421 434 745 274 247 666 693 571 215 115 491 735 511 465 114 390 691 614 59 128 400 38 292 597 479 555 413 699 617 628 92 175 217 134 371 184 474 321 194 134 632 134 415 398 91 241 405 323 180 570 281 73 510 620 524 153 335 579 136 641 278 174 503 637 599 681 613 271 600 644 281 73 251 50 224 342 226 16 120 279 541 611 536 255 341 319 590 71 115 269 408 564 308 570 493 323 433 345 246 209 382 476 602 105 169 229 65 612 237 165 415 134 48 499 333 3 284 531 390 113 124 625 461 623 479 523 358 386 188 224 23 200 236 598 299 88 567 488 61 120 272 572 181 305 485 20 270 313 227 268 548 337 466 178 442 94 150 148 476 3 395 345 494 88 399 77 356 511 40 474 101 228 414 204 250 222 320 146 78 6 368 502 155 371 528 528 426 264 72 92 172 203 325 288 509 352 131 132 56 319 540 193 46 268 535 233 288 513 477 262 58 270 6 143 278 312 229 391 234 142 499 281 78 462 19 447 385 380 101 175 36 243 164 8 92 482 171 180 315 285 440 391 432 304 254 436 415 405 83 18 58 451 238 238 448 136 407 254 142 356 104 24 188 416 330 19 128 431 430 212 48 153 14 162 145 179 53 131 176 269 257 440 284 57 196 433 159 138 444 5 368 67 255 134 136 337 94 366 39 247 277 289 357 44 144 403 402 65 111 192 230 292 224 410 303 204 218 162 53 277 404 324 415 190 370 236 163 61 411 107 97 412 171 333 141 41 95 103 327 20 75 398 361 214 207 22 278 114 182 386 64 303 44 92 316 309 370 217 82 215 325 127 351 380 83 212 135 31 189 56 56 127 132 151 318 273 16 84 158 211 344 284 222 330 44 337 297 342 73 212 344 295 315 260 336 254 112 46 296 114 269 170 313 179 52 270 7 320 39 249 17 64 296 240 224 132 244 111 27 1 132 138 298 141 13 314 231 202 21 317 211 173 199 295 211 19 129 169 145 195 306 63 71 232 98 135 141 267 3 122 60 182 239 253 57 120 168 243 117 90 18 235 143 170 126 203 25 6 130 85 209 218 192 48 32 176 214 79 17 158 146 255 50 114 136 30 33 205 142 250 205 188 177 6 137 142 157 99 61 246 138 12 66 3

986 982
561 40 524 226 723 288 617 15 445 914 758 751 652 84 689 837 751 602 835 382 11 389 304 854 833 186 470 729 765 383 941 455 225 869 643 723 46 502 101 240 447 866 34 716 650 158 893 846 67 384 258 188 969 743 389 909 127 923 85 289 73 452 486 215 439 322 694 196 162 290 961 437 322 14 509 790 636 66 262 859 162 798 609 548 768 330 38 655 494 147 973 764 139 577 325 219 671 115 523 802 691 956 113 120 281 451 615 719 460 122 44 697 525 927 246 297 626 227 870 114 145 704 981 335 754 790 589 907 549 403 341 851 545 108 445 918 97 856 700 141 432 480 447 581 304 209 986 363 150 751 469 928 963 475 866 465 296 550 255 88 426 858 189 399 691 114 2 448 706 710 471 719 520 415 316 140 431 577 135 250 935 368 582 452 918 58 25 324 111 711 387 526 607 579 930 576 169 287 298 575 604 379 822 549 342 791 906 225 56 758 55 570 182 612 868 538 217 141 181 78 486 9 931 718 17 501 15 80 190 183 790 826 336 979 51 748 340 696 878 915 40 338 915 913 4 887 155 80 637 514 76 783 221 986 926 676 148 809 652 739 661 191 800 23 483 968 856 333 335 682 110 343 185 890 846 121 577 782 280 527 134 173 396 519 251 112 924 519 250 464 692 259 901 574 972 494 319 733 427 954 663 527 365 665 936 391 346 147 378 61 709 239 458 299 409 810 134 906 360 819 169 435 217 117 758 714 960 657 639 61 514 815 657 826 449 214 502 417 399 894 698 23 825 896 890 755 60 602 877 529 742 530 800 226 673 63 567 329 341 738 927 561 887 195 284 779 766 310 384 613 838 508 820 892 20 417 903 54 184 319 936 451 986 159 152 365 435 5 895 193 642 51 924 202 192 542 528 711 694 710 188 629 904 417 974 675 303 187 456 964 857 111 95 626 915 902 474 821 414 962 596 359 143 770 451 862 326 507 744 721 168 645 226 354 527 579 263 699 180 462 34 934 541 861 461 204 916 142 435 501 218 179 886 339 707 430 513 854 56 539 61 928 441 738 859 970 98 211 493 535 559 505 85 113 788 595 170 386 629 231 780 16 325 601 755 647 614 712 884 802 434 556 315 568 135 130 363 429 274 905 899 665 936 665 51 805 282 60 262 476 529 830 7 72 843 4 972 363 825 855 822 399 247 377 650 773 393 961 20 368 914 319 316 692 687 679 892 700 780 26 422 534 603 503 496 46 292 315 73 508 279 777 218 349 320 61 9 777 322 722 669 33 153 792 546 318 137 693 817 398 177 534 833 106 171 772 706 722 268 223 370 312 612 875 842 176 383 752 83 254 369 268 627 807 331 595 844 665 860 846 66 367 443 377 609 763 620 791 367 634 295 300 650 360 139 321 184 531 597 146 599 568 523 743 554 819 365 526 667 118 394 438 747 292 341 111 505 42 144 110 452 753 790 698 138 608 503 148 107 110 104 190 619 63 516 183 365 685 671 316 815 623 585 567 196 288 105 686 552 432 774 275 306 151 667 652 484 202 730 338 664 311 368 739 423 275 346 331 204 594 774 714 796 716 779 153 237 739 238 473 562 498 250 583 25 444 370 57 657 574 318 677 126 687 152 669 725 755 454 745 285 400 642 696 643 426 399 700 265 727 758 486 524 457 500 90 518 691 383 40 510 396 674 66 698 158 461 121 360 737 206 443 580 637 670 259 324 261 94 580 543 85 104 490 569 31 514 300 441 73 140 717 406 715 458 306 590 375 307 101 214 708 397 698 579 479 116 57 241 288 30 126 535 600 424 88 345 348 213 16 459 227 475 223 256 316 401 675 139 166 344 462 464 413 317 512 476 282 277 659 141 539 116 453 642 495 170 536 8 308 153 524 80 602 112 484 2 14 71 246 76 289 632 209 125 144 499 626 196 244 85 298 584 388 553 548 179 102 533 464 208 103 80 47 453 398 472 70 178 352 376 166 454 515 437 537 527 491 390 154 344 483 131 163 151 268 454 499 70 47 58 315 334 426 325 329 574 341 424 105 432 264 331 579 475 452 519 454 272 355 370 293 65 501 188 474 278 317 529 209 148 348 494 563 370 49 160 332 287 179 57 317 232 349 191 46 131 529 397 414 379 141 376 69 294 257 447 337 54 335 398 310 385 264 74 101 414 96 50 187 475 373 508 362 426 273 447 393 88 435 61 316 489 250 469 261 342 133 449 462 204 418
