50

4 5
1 7
4 7

16 36
16 12
94 12

596516650 23000073
428685712 23000073
596516650 189641422

478160381 19632786
478160381 102520060
783368691 19632786

365180541 222688882
304089172 222688882
365180541 540383427

14660871 162170322
35005212 521595369
35005212 162170322

278722862 233665123
336465783 861021531
278722862 861021531

85295453 468703136
85295453 395870394
145174068 395870394

106596977 635723059
315634023 635723059
106596977 490175108

28561071 89018457
59961394 54145816
59961394 89018457

72427041 607790171
72427041 653377374
131176230 653377374

608413785 756898538
517747628 459797248
608413785 459797248

149798316 30146042
80978201 30146042
80978201 38664371

412776092 424268981
412776092 324972892
260655588 424268981

18258955 42999171
18258955 6499768
137806863 6499768

402370166 84420926
511702306 84420926
511702306 54496881

572660337 159126506
233090509 41356669
233090509 159126506

100661314 433925858
100661314 84353895
34341670 84353895

939819583 865691
119259648 865691
939819583 1100546

153313173 174323385
610515435 174323385
153313173 585990365

477171088 356426809
467946188 356426809
467946188 107813133

780695789 709393585
491705403 709393585
491705403 499715481

549214422 314870260
752392755 314870260
549214422 474612400

120848385 843993369
411549677 296223274
411549677 843993369

0 0
1 1
1 0

6 1
2 1
2 0

49 2
68 2
68 0

330573318 56690263
35060062 56690263
35060062 603570493

959997302 485560281
402724286 107649160
959997302 107649160

169274578 158487239
169274578 894429690
194953866 158487239

177724267 270744730
221558441 270744730
221558441 8639737

92977305 690387
114738098 7905772
114738098 690387

610120710 498777856
21583857 498777856
21583857 791698928

255179498 522532257
255179498 524872354
72075088 522532257

269455307 703964684
82950912 192099256
82950912 703964684

160051529 31061285
160051529 40332872
112805732 40332872

199620254 26773308
199620254 515530020
378409504 26773308

409959709 77486716
143347213 4297113
143347213 77486716

113403633 168002245
113403633 289700724
200747797 168002245

150122847 439493452
150122847 2269747
90155839 439493452

231192380 338888228
111537764 622597489
111537764 338888228

141527089 269441500
147469842 269441500
141527089 438792351

13628669 39237149
142757035 116087765
13628669 116087765

6321447 982275857
8936988 982275857
6321447 387346491

209098719 841148366
350322228 841148366
350322228 77985204

473165004 186452552
771151433 186452552
473165004 39636468

187594922 128448265
476153276 213975408
476153276 128448265

653468859 130794396
653468859 53539693
585567170 130794396

605908236 350573794
605908236 203599252
76065818 350573794

0 0
1 1
0 1
